Bachelors: (0.7273112807463953, 0.7721746960828456, 0.7490718497488534)
HS-grad: (0.825, 0.1773134328358209, 0.2918918918918919)
11th: (0.8260869565217391, 0.31666666666666665, 0.4578313253012048)
Masters: (0.7897286821705426, 0.8498435870698644, 0.8186840783525866)
9th: (0.3333333333333333, 0.1111111111111111, 0.16666666666666666)
Some-college: (0.6751188589540412, 0.30713770728190337, 0.4222001982160555)
Assoc-acdm: (0.6766169154228856, 0.5132075471698113, 0.5836909871244635)
Assoc-voc: (0.6712328767123288, 0.407202216066482, 0.506896551724138)
7th-8th: (0.4444444444444444, 0.2, 0.27586206896551724)
Doctorate: (0.8456375838926175, 0.8235294117647058, 0.8344370860927153)
Prof-school: (0.8716707021791767, 0.851063829787234, 0.861244019138756)
5th-6th: (0.625, 0.3125, 0.4166666666666667)
10th: (0.5, 0.14516129032258066, 0.225)
1st-4th: (1.0, 0.16666666666666666, 0.2857142857142857)
Preschool: (0.0, 1.0, 0.0)
12th: (0.5555555555555556, 0.30303030303030304, 0.39215686274509803)
